1753944881454 84.0 0
1753944881488 2.0 0
1753944881520 13.0 0
1753944881551 26.0 0
1753944881581 87.0 0
1753944881613 88.0 0
1753944881645 65.0 0
1753944881676 24.0 0
1753944881709 36.0 0
1753944881744 63.0 0
1753944881777 61.0 0
1753944881810 32.0 0
1753944881845 11.0 0
1753944881876 56.0 0
1753944881908 33.0 0
1753944881940 46.0 0
1753944881972 57.0 0
1753944882006 48.0 0
1753944882040 37.0 0
1753944882074 85.0 0
1753944882108 52.0 0
1753944882141 44.0 0
1753944882172 26.0 0
1753944882203 3.0 0
1753944882235 60.0 0
1753944882266 76.0 0
1753944882297 46.0 0
1753944882328 50.0 0
1753944882359 9.0 0
1753944882390 25.0 0
1753944882421 21.0 0
1753944882452 5.0 0
1753944882483 57.0 0
1753944882513 41.0 0
1753944882545 58.0 0
1753944882577 24.0 0
1753944882609 66.0 0
1753944882640 94.0 0
1753944882672 68.0 0
1753944882704 58.0 0
1753944882734 42.0 0
1753944882766 6.0 0
1753944882798 94.0 0
1753944882828 96.0 0
1753944882859 26.0 0
1753944882891 63.0 0
1753944882922 13.0 0
1753944882956 59.0 0
1753944882988 87.0 0
1753944883022 27.0 0
1753944883059 73.0 0
1753944883094 47.0 0
1753944883126 85.0 0
1753944883159 68.0 0
1753944883191 84.0 0
1753944883223 62.0 0
1753944883266 65.0 0
1753944883298 46.0 0
1753944883330 96.0 0
1753944883363 57.0 0
1753944883395 49.0 0
1753944883427 66.0 0
1753944883459 26.0 0
1753944883491 11.0 0
1753944883530 46.0 0
1753944883562 31.0 0
1753944883594 45.0 0
1753944883627 46.0 0
1753944883659 81.0 0
1753944883693 30.0 0
1753944883726 73.0 0
1753944883760 96.0 0
1753944883793 96.0 0
1753944883826 3.0 0
1753944883859 25.0 0
1753944883892 59.0 0
1753944883925 25.0 0
1753944883958 79.0 0
1753944883991 91.0 0
1753944884024 46.0 0
1753944884056 59.0 0
1753944884098 31.0 0
1753944884130 93.0 0
1753944884166 53.0 0
1753944884199 75.0 0
1753944884232 33.0 0
1753944884266 80.0 0
1753944884299 89.0 0
1753944884332 44.0 0
1753944884374 36.0 0
1753944884418 60.0 0
1753944884451 23.0 0
1753944884484 46.0 0
1753944884518 75.0 0
1753944884554 11.0 0
1753944884587 48.0 0
1753944884619 61.0 0
1753944884652 81.0 0
1753944884685 80.0 0
1753944884718 89.0 0
1753944884752 86.0 0
1753944884789 76.0 0
1753944884827 72.0 0
1753944884863 60.0 0
1753944884896 71.0 0
1753944884928 7.0 0
1753944884964 41.0 0
1753944884999 58.0 0
1753944885035 43.0 0
1753944885072 3.0 0
1753944885108 12.0 0
1753944885148 89.0 0
1753944885183 61.0 0
1753944885219 78.0 0
1753944885252 19.0 0
1753944885288 81.0 0
1753944885321 94.0 0
1753944885355 39.0 0
1753944885390 37.0 0
1753944885427 0.0 0
1753944885467 73.0 0
1753944885504 12.0 0
1753944885537 84.0 0
1753944885570 30.0 0
1753944885605 76.0 0
1753944885639 94.0 0
1753944885673 99.0 0
1753944885707 1.0 0
1753944885744 64.0 0
1753944885780 56.0 0
1753944885813 51.0 0
1753944885847 54.0 0
1753944885881 5.0 0
1753944885915 91.0 0
1753944885953 32.0 0
1753944885987 55.0 0
1753944886021 63.0 0
1753944886054 65.0 0
1753944886088 3.0 0
1753944886127 19.0 0
1753944886163 11.0 0
1753944886201 66.0 0
1753944886235 46.0 0
1753944886273 71.0 0
1753944886310 99.0 0
1753944886346 87.0 0
1753944886379 98.0 0
1753944886415 32.0 0
1753944886452 10.0 0
1753944886488 83.0 0
1753944886522 96.0 0
1753944886557 21.0 0
1753944886596 22.0 0
1753944886629 75.0 0
1753944886663 66.0 0
1753944886698 54.0 0
1753944886733 74.0 0
1753944886767 3.0 0
1753944886805 30.0 0
1753944886842 11.0 0
1753944886882 94.0 0
1753944886918 12.0 0
1753944886954 37.0 0
1753944886990 69.0 0
1753944887026 19.0 0
1753944887065 90.0 0
1753944887102 84.0 0
1753944887139 14.0 0
1753944887179 48.0 0
1753944887218 19.0 0
1753944887255 21.0 0
1753944887293 73.0 0
1753944887332 95.0 0
1753944887370 27.0 0
1753944887410 26.0 0
1753944887448 28.0 0
1753944887493 38.0 0
1753944887544 38.0 0
1753944887591 21.0 0
1753944887633 71.0 0
1753944887673 56.0 0
1753944887714 38.0 0
1753944887755 22.0 0
1753944887793 98.0 0
1753944887831 36.0 0
1753944887873 42.0 0
1753944887922 78.0 0
1753944887980 21.0 0
1753944888020 71.0 0
1753944888058 3.0 0
1753944888095 18.0 0
1753944888134 41.0 0
1753944888172 40.0 0
1753944888211 54.0 0
1753944888249 76.0 0
1753944888288 83.0 0
1753944888325 86.0 0
1753944888360 16.0 0
1753944888394 87.0 0
1753944888428 23.0 0
1753944888463 67.0 0
1753944888498 5.0 0
1753944888534 30.0 0
1753944888570 9.0 0
1753944888604 13.0 0
1753944888639 61.0 0
1753944888675 69.0 0
1753944888710 39.0 0
1753944888747 50.0 0
1753944888781 26.0 0
1753944888820 21.0 0
1753944888855 43.0 0
1753944888890 6.0 0
1753944888929 81.0 0
1753944888966 92.0 0
1753944889000 50.0 0
1753944889035 51.0 0
1753944889072 84.0 0
1753944889108 17.0 0
1753944889143 58.0 0
1753944889180 78.0 0
1753944889217 13.0 0
1753944889254 53.0 0
1753944889289 30.0 0
1753944889325 61.0 0
1753944889362 84.0 0
1753944889398 11.0 0
1753944889436 23.0 0
1753944889471 31.0 0
1753944889506 48.0 0
1753944889541 25.0 0
1753944889577 99.0 0
1753944889622 6.0 0
1753944889658 49.0 0
1753944889693 55.0 0
1753944889736 31.0 0
1753944889777 22.0 0
1753944889820 69.0 0
1753944889862 9.0 0
1753944889896 20.0 0
1753944889931 66.0 0
1753944889965 93.0 0
1753944890000 18.0 0
1753944890037 72.0 0
1753944890073 2.0 0
1753944890112 88.0 0
1753944890148 98.0 0
1753944890184 51.0 0
1753944890220 52.0 0
1753944890255 88.0 0
1753944890290 43.0 0
1753944890325 58.0 0
1753944890371 48.0 0
1753944890407 4.0 0
1753944890446 41.0 0
1753944890482 67.0 0
1753944890519 39.0 0
1753944890557 87.0 0
1753944890594 46.0 0
1753944890631 10.0 0
1753944890667 92.0 0
1753944890703 95.0 0
1753944890741 42.0 0
1753944890780 7.0 0
1753944890816 24.0 0
1753944890852 11.0 0
1753944890887 60.0 0
1753944890924 79.0 0
1753944890958 80.0 0
1753944890994 73.0 0
1753944891028 45.0 0
1753944891063 96.0 0
1753944891098 27.0 0
1753944891133 77.0 0
1753944891168 63.0 0
1753944891203 7.0 0
1753944891240 88.0 0
1753944891277 44.0 0
1753944891315 77.0 0
1753944891351 52.0 0
1753944891388 92.0 0
1753944891424 20.0 0
1753944891460 14.0 0
1753944891496 67.0 0
1753944891536 73.0 0
1753944891574 65.0 0
1753944891611 60.0 0
1753944891649 6.0 0
1753944891685 8.0 0
1753944891722 64.0 0
1753944891761 87.0 0
1753944891798 62.0 0
1753944891835 8.0 0
1753944891872 82.0 0
1753944891908 77.0 0
1753944891943 53.0 0
1753944891978 64.0 0
1753944892016 18.0 0
1753944892055 18.0 0
1753944892091 33.0 0
1753944892129 87.0 0
1753944892166 47.0 0
1753944892206 90.0 0
1753944892246 0.0 0
1753944892282 41.0 0
1753944892318 83.0 0
1753944892354 47.0 0
1753944892389 65.0 0
1753944892427 39.0 0
1753944892463 87.0 0
1753944892499 63.0 0
1753944892536 0.0 0
1753944892571 9.0 0
1753944892607 15.0 0
1753944892643 94.0 0
1753944892678 55.0 0
1753944892714 75.0 0
1753944892749 59.0 0
1753944892785 41.0 0
1753944892820 92.0 0
1753944892856 76.0 0
1753944892891 0.0 0
1753944892927 95.0 0
1753944892963 65.0 0
1753944892998 4.0 0
1753944893034 91.0 0
1753944893070 70.0 0
1753944893106 73.0 0
1753944893141 45.0 0
1753944893178 64.0 0
1753944893214 85.0 0
1753944893250 11.0 0
1753944893287 81.0 0
1753944893325 92.0 0
1753944893365 74.0 0
1753944893402 52.0 0
1753944893439 79.0 0
1753944893476 25.0 0
1753944893512 90.0 0
1753944893549 11.0 0
1753944893584 12.0 0
1753944893620 27.0 0
1753944893656 3.0 0
1753944893693 77.0 0
1753944893732 43.0 0
1753944893771 58.0 0
1753944893810 15.0 0
1753944893848 1.0 0
1753944893885 56.0 0
1753944893923 6.0 0
1753944893960 65.0 0
1753944893999 28.0 0
1753944894037 41.0 0
1753944894074 73.0 0
1753944894113 29.0 0
1753944894150 0.0 0
1753944894186 82.0 0
1753944894222 9.0 0
1753944894260 49.0 0
1753944894299 65.0 0
1753944894339 33.0 0
1753944894377 32.0 0
1753944894414 37.0 0
1753944894451 45.0 0
1753944894489 91.0 0
1753944894526 80.0 0
1753944894563 39.0 0
1753944894600 31.0 0
1753944894637 46.0 0
1753944894675 37.0 0
1753944894713 6.0 0
1753944894751 97.0 0
1753944894787 17.0 0
1753944894824 82.0 0
1753944894861 3.0 0
1753944894898 58.0 0
1753944894935 21.0 0
1753944894972 29.0 0
1753944895009 5.0 0
1753944895048 56.0 0
1753944895093 8.0 0
1753944895131 67.0 0
1753944895169 10.0 0
1753944895206 83.0 0
1753944895243 40.0 0
1753944895282 40.0 0
1753944895320 41.0 0
1753944895357 2.0 0
1753944895395 99.0 0
1753944895433 81.0 0
1753944895470 32.0 0
1753944895509 33.0 0
1753944895547 81.0 0
1753944895586 62.0 0
1753944895625 39.0 0
1753944895663 14.0 0
1753944895700 2.0 0
1753944895737 77.0 0
1753944895774 16.0 0
1753944895811 5.0 0
